1779174971436 1.68761 0
1779176468901 1.62344 1
1779177953905 1.58955 2
1779179436870 1.5726 3
1779180915394 1.54361 4
1779182389375 1.51611 5
1779183864359 1.49627 6
1779185339323 1.48478 7
1779186813680 1.47012 8
1779188287909 1.45572 9
1779189762476 1.44739 10
1779191237407 1.43673 11
1779192711676 1.43246 12
1779194186592 1.42723 13
1779195660120 1.41812 14
1779197134187 1.41276 15
1779198606935 1.40554 16
1779200080040 1.40017 17
1779201553407 1.39434 18
1779203027313 1.39127 19
1779204501492 1.3876 20
1779205975226 1.38255 21
1779207448682 1.37988 22
1779208923051 1.37857 23
1779210398593 1.37361 24
1779211873236 1.36888 25
1779213344603 1.36437 26
1779214815680 1.36309 27
1779216286865 1.36154 28
1779217757453 1.35889 29
1779219228375 1.35335 30
1779220697271 1.35007 31
1779222168031 1.34837 32
1779223637318 1.34683 33
1779225106960 1.34154 34
1779226576106 1.34045 35
1779228044449 1.33784 36
1779229514295 1.33363 37
1779230988156 1.33325 38
1779232461436 1.32847 39
1779233933421 1.32584 40
1779235404615 1.32389 41
1779236876211 1.32334 42
1779238348007 1.31954 43
1779239817979 1.31943 44
1779241288905 1.31918 45
1779242760766 1.31386 46
1779244231452 1.30972 47
1779245703938 1.31383 48
1779247174891 1.30656 49
1779248645500 1.30682 50
1779250117657 1.30326 51
1779251589502 1.30388 52
1779253059938 1.29947 53
1779254531501 1.29913 54
1779256005603 1.29474 55
1779257479562 1.29756 56
1779258953888 1.2936 57
1779260428343 1.29007 58
1779261901789 1.28802 59
1779263376706 1.28855 60
1779264851700 1.28781 61
1779266325785 1.2856 62
1779267801128 1.28127 63
1779269275439 1.2797 64
1779270749033 1.27655 65
1779272222428 1.27505 66
1779273697511 1.27411 67
1779275171086 1.26895 68
1779276645093 1.27106 69
1779278118642 1.26982 70
1779279592570 1.26487 71
1779281066786 1.26607 72
1779282541163 1.26321 73
1779284015301 1.26226 74
1779285491014 1.25988 75
1779286965985 1.2616 76
1779288439770 1.2559 77
1779289914957 1.25578 78
1779291390028 1.25047 79
1779292864044 1.25412 80
1779294337868 1.2471 81
1779295811195 1.24821 82
1779297285048 1.24851 83
1779298758522 1.24529 84
1779300232711 1.24515 85
1779301706416 1.24394 86
1779303179868 1.23942 87
1779304652430 1.23883 88
1779306126476 1.23746 89
1779307599543 1.23504 90
1779309071298 1.23679 91
1779310541431 1.2332 92
1779312013769 1.23127 93
1779313485216 1.2292 94
1779314955475 1.22861 95
1779316427340 1.22778 96
1779317898158 1.22933 97
1779319368330 1.22658 98
1779320837765 1.22425 99
1779322311512 1.22417 100
1779323784795 1.22325 101
1779325258788 1.21961 102
1779326733010 1.22201 103
1779328207390 1.21777 104
1779329682650 1.21864 105
1779331156930 1.21805 106
1779332631530 1.2137 107
1779334106183 1.2129 108
1779335580970 1.21244 109
1779337056177 1.2116 110
1779338531404 1.21023 111
1779340005863 1.20953 112
1779341481905 1.20737 113
1779342956800 1.20637 114
1779344431430 1.2059 115
1779345904912 1.2066 116
1779347380946 1.20509 117
1779348856166 1.20273 118
1779350331245 1.20086 119
1779351805441 1.20271 120
1779353279802 1.19515 121
1779354754013 1.19678 122
1779356228270 1.19722 123
1779357703608 1.1958 124
1779359178287 1.1943 125
1779360650807 1.19273 126
1779362121948 1.19835 127
1779363592030 1.19513 128
1779365063094 1.19451 129
1779366536681 1.19428 130
1779368011670 1.1925 131
1779369486571 1.19017 132
1779370961268 1.19344 133
1779372434667 1.19452 134
1779373874316 1.1295 135
1779375309533 1.1172 136
1779376745431 1.11228 137
1779378181740 1.11039 138
1779379617782 1.10997 139
1779381053991 1.107 140
1779382489304 1.10424 141
1779383925465 1.10403 142
1779385361789 1.10467 143
1779386797160 1.10195 144
1779388231630 1.10276 145
1779389666818 1.1008 146
1779391101917 1.10036 147
1779392536422 1.10032 148
1779393970540 1.1001 149
