1779174971436 2.04367 0
1779176468901 1.79485 1
1779177953905 1.69812 2
1779179436870 1.65772 3
1779180915394 1.59585 4
1779182389375 1.53235 5
1779183864359 1.47908 6
1779185339323 1.44768 7
1779186813680 1.41829 8
1779188287909 1.38322 9
1779189762476 1.36441 10
1779191237407 1.34272 11
1779192711676 1.32616 12
1779194186592 1.30907 13
1779195660120 1.2974 14
1779197134187 1.28049 15
1779198606935 1.26889 16
1779200080040 1.25054 17
1779201553407 1.23662 18
1779203027313 1.22873 19
1779204501492 1.21839 20
1779205975226 1.21164 21
1779207448682 1.20339 22
1779208923051 1.18881 23
1779210398593 1.18193 24
1779211873236 1.17436 25
1779213344603 1.16674 26
1779214815680 1.157 27
1779216286865 1.15323 28
1779217757453 1.14557 29
1779219228375 1.13943 30
1779220697271 1.12797 31
1779222168031 1.12262 32
1779223637318 1.12288 33
1779225106960 1.11173 34
1779226576106 1.1049 35
1779228044449 1.10232 36
1779229514295 1.09568 37
1779230988156 1.08661 38
1779232461436 1.08298 39
1779233933421 1.08082 40
1779235404615 1.07612 41
1779236876211 1.07224 42
1779238348007 1.06567 43
1779239817979 1.06473 44
1779241288905 1.06022 45
1779242760766 1.05238 46
1779244231452 1.04966 47
1779245703938 1.04596 48
1779247174891 1.03953 49
1779248645500 1.03578 50
1779250117657 1.03342 51
1779251589502 1.03048 52
1779253059938 1.02526 53
1779254531501 1.02092 54
1779256005603 1.01962 55
1779257479562 1.01574 56
1779258953888 1.01006 57
1779260428343 1.01047 58
1779261901789 1.00248 59
1779263376706 1.00191 60
1779264851700 0.99704 61
1779266325785 0.99547 62
1779267801128 0.99296 63
1779269275439 0.98757 64
1779270749033 0.98546 65
1779272222428 0.98014 66
1779273697511 0.976 67
1779275171086 0.97122 68
1779276645093 0.96793 69
1779278118642 0.97036 70
1779279592570 0.96474 71
1779281066786 0.96678 72
1779282541163 0.96092 73
1779284015301 0.95252 74
1779285491014 0.95192 75
1779286965985 0.95555 76
1779288439770 0.94752 77
1779289914957 0.94913 78
1779291390028 0.94358 79
1779292864044 0.94423 80
1779294337868 0.93939 81
1779295811195 0.93668 82
1779297285048 0.93585 83
1779298758522 0.92945 84
1779300232711 0.92894 85
1779301706416 0.92718 86
1779303179868 0.92237 87
1779304652430 0.9212 88
1779306126476 0.91614 89
1779307599543 0.91342 90
1779309071298 0.91516 91
1779310541431 0.91302 92
1779312013769 0.90898 93
1779313485216 0.9071 94
1779314955475 0.90162 95
1779316427340 0.90302 96
1779317898158 0.90273 97
1779319368330 0.8963 98
1779320837765 0.89673 99
1779322311512 0.89345 100
1779323784795 0.89263 101
1779325258788 0.88681 102
1779326733010 0.89197 103
1779328207390 0.88578 104
1779329682650 0.88575 105
1779331156930 0.89076 106
1779332631530 0.88183 107
1779334106183 0.88186 108
1779335580970 0.88064 109
1779337056177 0.8794 110
1779338531404 0.8787 111
1779340005863 0.87489 112
1779341481905 0.87564 113
1779342956800 0.87118 114
1779344431430 0.86851 115
1779345904912 0.87098 116
1779347380946 0.86661 117
1779348856166 0.86554 118
1779350331245 0.86708 119
1779351805441 0.86458 120
1779353279802 0.85985 121
1779354754013 0.85947 122
1779356228270 0.85839 123
1779357703608 0.85861 124
1779359178287 0.85917 125
1779360650807 0.85618 126
1779362121948 0.8598 127
1779363592030 0.8556 128
1779365063094 0.85612 129
1779366536681 0.85339 130
1779368011670 0.85304 131
1779369486571 0.85343 132
1779370961268 0.85329 133
1779372434667 0.85467 134
1779373874316 0.64702 135
1779375309533 0.632 136
1779376745431 0.62783 137
1779378181740 0.62175 138
1779379617782 0.62219 139
1779381053991 0.62009 140
1779382489304 0.61826 141
1779383925465 0.61672 142
1779385361789 0.61675 143
1779386797160 0.61549 144
1779388231630 0.61597 145
1779389666818 0.6128 146
1779391101917 0.61415 147
1779392536422 0.61271 148
1779393970540 0.61289 149
