1779174971436 1.67412 0
1779176468901 1.62005 1
1779177953905 1.58282 2
1779179436870 1.57482 3
1779180915394 1.55178 4
1779182389375 1.52663 5
1779183864359 1.50979 6
1779185339323 1.50012 7
1779186813680 1.48564 8
1779188287909 1.47296 9
1779189762476 1.46424 10
1779191237407 1.4556 11
1779192711676 1.4522 12
1779194186592 1.44617 13
1779195660120 1.43947 14
1779197134187 1.43447 15
1779198606935 1.43399 16
1779200080040 1.42244 17
1779201553407 1.41759 18
1779203027313 1.41364 19
1779204501492 1.41028 20
1779205975226 1.41198 21
1779207448682 1.4066 22
1779208923051 1.40336 23
1779210398593 1.39925 24
1779211873236 1.39815 25
1779213344603 1.39416 26
1779214815680 1.39283 27
1779216286865 1.38681 28
1779217757453 1.38705 29
1779219228375 1.38392 30
1779220697271 1.37806 31
1779222168031 1.37909 32
1779223637318 1.37879 33
1779225106960 1.37479 34
1779226576106 1.37019 35
1779228044449 1.37261 36
1779229514295 1.36744 37
1779230988156 1.36712 38
1779232461436 1.3646 39
1779233933421 1.36561 40
1779235404615 1.36384 41
1779236876211 1.36071 42
1779238348007 1.35809 43
1779239817979 1.35901 44
1779241288905 1.35709 45
1779242760766 1.35377 46
1779244231452 1.3495 47
1779245703938 1.35175 48
1779247174891 1.34942 49
1779248645500 1.34578 50
1779250117657 1.34529 51
1779251589502 1.34577 52
1779253059938 1.34169 53
1779254531501 1.34112 54
1779256005603 1.33667 55
1779257479562 1.33739 56
1779258953888 1.33265 57
1779260428343 1.33564 58
1779261901789 1.33237 59
1779263376706 1.32904 60
1779264851700 1.32745 61
1779266325785 1.32785 62
1779267801128 1.3249 63
1779269275439 1.3257 64
1779270749033 1.32113 65
1779272222428 1.31962 66
1779273697511 1.32086 67
1779275171086 1.31797 68
1779276645093 1.32083 69
1779278118642 1.31793 70
1779279592570 1.31603 71
1779281066786 1.31764 72
1779282541163 1.31314 73
1779284015301 1.30895 74
1779285491014 1.30848 75
1779286965985 1.31217 76
1779288439770 1.30796 77
1779289914957 1.308 78
1779291390028 1.30453 79
1779292864044 1.30384 80
1779294337868 1.30132 81
1779295811195 1.30608 82
1779297285048 1.30325 83
1779298758522 1.3004 84
1779300232711 1.29706 85
1779301706416 1.29812 86
1779303179868 1.29945 87
1779304652430 1.29744 88
1779306126476 1.29454 89
1779307599543 1.29388 90
1779309071298 1.29609 91
1779310541431 1.29527 92
1779312013769 1.2939 93
1779313485216 1.29204 94
1779314955475 1.28823 95
1779316427340 1.28789 96
1779317898158 1.28905 97
1779319368330 1.28406 98
1779320837765 1.2855 99
1779322311512 1.28255 100
1779323784795 1.28391 101
1779325258788 1.28066 102
1779326733010 1.28241 103
1779328207390 1.28052 104
1779329682650 1.28067 105
1779331156930 1.28206 106
1779332631530 1.27556 107
1779334106183 1.27883 108
1779335580970 1.27773 109
1779337056177 1.27388 110
1779338531404 1.27529 111
1779340005863 1.27501 112
1779341481905 1.27537 113
1779342956800 1.27337 114
1779344431430 1.27356 115
1779345904912 1.27497 116
1779347380946 1.27226 117
1779348856166 1.2718 118
1779350331245 1.27047 119
1779351805441 1.26749 120
1779353279802 1.26601 121
1779354754013 1.26866 122
1779356228270 1.26743 123
1779357703608 1.26636 124
1779359178287 1.26579 125
1779360650807 1.26514 126
1779362121948 1.26639 127
1779363592030 1.26528 128
1779365063094 1.26532 129
1779366536681 1.26528 130
1779368011670 1.26586 131
1779369486571 1.26366 132
1779370961268 1.26481 133
1779372434667 1.26686 134
1779373874316 1.23766 135
1779375309533 1.23228 136
1779376745431 1.22759 137
1779378181740 1.22732 138
1779379617782 1.22829 139
1779381053991 1.2248 140
1779382489304 1.22509 141
1779383925465 1.22506 142
1779385361789 1.22495 143
1779386797160 1.22296 144
1779388231630 1.22225 145
1779389666818 1.22232 146
1779391101917 1.22224 147
1779392536422 1.22166 148
1779393970540 1.22279 149
