1779175039066 0.13244 0
1779176538494 0.23459 1
1779178022109 0.26871 2
1779179504909 0.29327 3
1779180983630 0.31976 4
1779182457220 0.33091 5
1779183932149 0.34847 6
1779185406938 0.35954 7
1779186881223 0.3716 8
1779188355422 0.37829 9
1779189830229 0.38359 10
1779191304809 0.38696 11
1779192779302 0.39144 12
1779194254126 0.39593 13
1779195727670 0.39907 14
1779197201677 0.40103 15
1779198674398 0.40338 16
1779200147229 0.40613 17
1779201620846 0.4091 18
1779203094670 0.41168 19
1779204568956 0.41374 20
1779206042558 0.41641 21
1779207516159 0.41896 22
1779208990368 0.42146 23
1779210466054 0.42381 24
1779211940463 0.42619 25
1779213411671 0.4283 26
1779214882790 0.42989 27
1779216353982 0.43179 28
1779217824493 0.43373 29
1779219295461 0.43557 30
1779220764478 0.43814 31
1779222235166 0.44015 32
1779223704342 0.44192 33
1779225173816 0.44476 34
1779226643067 0.44675 35
1779228111542 0.44863 36
1779229581365 0.45116 37
1779231055149 0.45284 38
1779232528782 0.45428 39
1779234000518 0.45645 40
1779235471538 0.45868 41
1779236943287 0.46046 42
1779238414809 0.46237 43
1779239885102 0.46411 44
1779241356021 0.46601 45
1779242827726 0.46699 46
1779244298447 0.469 47
1779245770990 0.47023 48
1779247241737 0.47145 49
1779248712501 0.47252 50
1779250184743 0.47376 51
1779251656224 0.47527 52
1779253126959 0.47659 53
1779254598624 0.47768 54
1779256072572 0.47914 55
1779257546618 0.48048 56
1779259021014 0.48153 57
1779260495322 0.48236 58
1779261969030 0.48318 59
1779263443982 0.48475 60
1779264918822 0.48576 61
1779266392886 0.48667 62
1779267868238 0.48756 63
1779269342534 0.48795 64
1779270815960 0.48869 65
1779272289551 0.48951 66
1779273764646 0.48998 67
1779275238182 0.49108 68
1779276712238 0.49131 69
1779278185983 0.49173 70
1779279659717 0.4921 71
1779281133998 0.49284 72
1779282608166 0.49314 73
1779284082453 0.49339 74
1779285558189 0.49419 75
1779287033183 0.49452 76
1779288506917 0.49556 77
1779289982221 0.49585 78
1779291457126 0.49636 79
1779292931197 0.49687 80
1779294404846 0.49658 81
1779295878062 0.49679 82
1779297352141 0.49728 83
1779298825542 0.49748 84
1779300299461 0.49738 85
1779301773454 0.49779 86
1779303246903 0.49825 87
1779304719231 0.49799 88
1779306193302 0.49823 89
1779307666676 0.49878 90
1779309138150 0.49916 91
1779310608286 0.49943 92
1779312080786 0.49963 93
1779313551929 0.49968 94
1779315022144 0.50025 95
1779316493974 0.49979 96
1779317964726 0.49991 97
1779319434790 0.49973 98
1779320904455 0.49989 99
1779322378357 0.50002 100
1779323851974 0.50035 101
1779325326006 0.5004 102
1779326799785 0.50014 103
1779328274645 0.50062 104
1779329749686 0.50059 105
1779331223742 0.5006 106
1779332698766 0.50094 107
1779334173094 0.50057 108
1779335647815 0.50078 109
1779337123476 0.50138 110
1779338598231 0.50137 111
1779340073045 0.5019 112
1779341548880 0.50167 113
1779343023590 0.50159 114
1779344498427 0.50178 115
1779345971673 0.50151 116
1779347448182 0.50192 117
1779348923206 0.50197 118
1779350397974 0.5019 119
1779351872612 0.50209 120
1779353346614 0.50197 121
1779354820759 0.50207 122
1779356295413 0.50257 123
1779357770808 0.50277 124
1779359245444 0.5028 125
1779360717462 0.50263 126
1779362188926 0.50296 127
1779363659078 0.503 128
1779365129910 0.50314 129
1779366604033 0.50338 130
1779368078446 0.50337 131
1779369553758 0.50348 132
1779371027918 0.50331 133
1779372501749 0.50363 134
1779373941379 0.50307 135
1779375376325 0.50291 136
1779376812511 0.50272 137
1779378248678 0.50283 138
1779379684895 0.50309 139
1779381121143 0.50333 140
1779382556590 0.50367 141
1779383992950 0.50385 142
1779385428695 0.50362 143
1779386863935 0.50383 144
1779388298952 0.50393 145
1779389733879 0.50384 146
1779391169086 0.50407 147
1779392603191 0.50377 148
1779394037510 0.50403 149
1779394109380 0.5038744065952322 149
