1779175039066 0.27964 0
1779176538494 0.45739 1
1779178022109 0.50511 2
1779179504909 0.5376 3
1779180983630 0.57345 4
1779182457220 0.58434 5
1779183932149 0.61136 6
1779185406938 0.62545 7
1779186881223 0.63979 8
1779188355422 0.64795 9
1779189830229 0.6565 10
1779191304809 0.66151 11
1779192779302 0.66769 12
1779194254126 0.67192 13
1779195727670 0.67574 14
1779197201677 0.67912 15
1779198674398 0.68251 16
1779200147229 0.68663 17
1779201620846 0.69047 18
1779203094670 0.69408 19
1779204568956 0.69709 20
1779206042558 0.70032 21
1779207516159 0.70331 22
1779208990368 0.70666 23
1779210466054 0.70955 24
1779211940463 0.7123 25
1779213411671 0.71512 26
1779214882790 0.71746 27
1779216353982 0.7203 28
1779217824493 0.72238 29
1779219295461 0.72556 30
1779220764478 0.72894 31
1779222235166 0.73167 32
1779223704342 0.73351 33
1779225173816 0.73541 34
1779226643067 0.73816 35
1779228111542 0.73987 36
1779229581365 0.74205 37
1779231055149 0.74485 38
1779232528782 0.74722 39
1779234000518 0.74942 40
1779235471538 0.75169 41
1779236943287 0.75296 42
1779238414809 0.75503 43
1779239885102 0.75689 44
1779241356021 0.75821 45
1779242827726 0.75983 46
1779244298447 0.76168 47
1779245770990 0.76217 48
1779247241737 0.76362 49
1779248712501 0.76543 50
1779250184743 0.76697 51
1779251656224 0.7688 52
1779253126959 0.76947 53
1779254598624 0.77067 54
1779256072572 0.77223 55
1779257546618 0.77266 56
1779259021014 0.77353 57
1779260495322 0.77533 58
1779261969030 0.77534 59
1779263443982 0.77671 60
1779264918822 0.77795 61
1779266392886 0.77828 62
1779267868238 0.77948 63
1779269342534 0.78008 64
1779270815960 0.78064 65
1779272289551 0.78127 66
1779273764646 0.78145 67
1779275238182 0.78137 68
1779276712238 0.782 69
1779278185983 0.78209 70
1779279659717 0.78297 71
1779281133998 0.7829 72
1779282608166 0.78335 73
1779284082453 0.78331 74
1779285558189 0.78329 75
1779287033183 0.7837 76
1779288506917 0.78424 77
1779289982221 0.78477 78
1779291457126 0.78469 79
1779292931197 0.78512 80
1779294404846 0.78471 81
1779295878062 0.78543 82
1779297352141 0.78592 83
1779298825542 0.78582 84
1779300299461 0.78627 85
1779301773454 0.78644 86
1779303246903 0.7867 87
1779304719231 0.78749 88
1779306193302 0.78793 89
1779307666676 0.78781 90
1779309138150 0.78802 91
1779310608286 0.78859 92
1779312080786 0.78903 93
1779313551929 0.78794 94
1779315022144 0.78884 95
1779316493974 0.78764 96
1779317964726 0.7878 97
1779319434790 0.78745 98
1779320904455 0.78702 99
1779322378357 0.78796 100
1779323851974 0.78787 101
1779325326006 0.78731 102
1779326799785 0.78786 103
1779328274645 0.7882 104
1779329749686 0.78824 105
1779331223742 0.78839 106
1779332698766 0.78803 107
1779334173094 0.78798 108
1779335647815 0.78799 109
1779337123476 0.78814 110
1779338598231 0.78822 111
1779340073045 0.78806 112
1779341548880 0.78774 113
1779343023590 0.78757 114
1779344498427 0.78765 115
1779345971673 0.78759 116
1779347448182 0.78795 117
1779348923206 0.78815 118
1779350397974 0.78742 119
1779351872612 0.78718 120
1779353346614 0.78733 121
1779354820759 0.78736 122
1779356295413 0.78785 123
1779357770808 0.78779 124
1779359245444 0.78766 125
1779360717462 0.78769 126
1779362188926 0.78783 127
1779363659078 0.78809 128
1779365129910 0.78824 129
1779366604033 0.78833 130
1779368078446 0.78818 131
1779369553758 0.78797 132
1779371027918 0.78788 133
1779372501749 0.78789 134
1779373941379 0.78711 135
1779375376325 0.78654 136
1779376812511 0.78656 137
1779378248678 0.78655 138
1779379684895 0.78672 139
1779381121143 0.78672 140
1779382556590 0.78663 141
1779383992950 0.78671 142
1779385428695 0.78658 143
1779386863935 0.78691 144
1779388298952 0.78682 145
1779389733879 0.78675 146
1779391169086 0.78694 147
1779392603191 0.78659 148
1779394037510 0.78654 149
1779394109380 0.786728246999897 149
