1779175039066 0.36195 0
1779176538494 0.49395 1
1779178022109 0.50066 2
1779179504909 0.57262 3
1779180983630 0.6061 4
1779182457220 0.62222 5
1779183932149 0.63881 6
1779185406938 0.63973 7
1779186881223 0.63673 8
1779188355422 0.6421 9
1779189830229 0.64929 10
1779191304809 0.65761 11
1779192779302 0.6586 12
1779194254126 0.6597 13
1779195727670 0.66275 14
1779197201677 0.66702 15
1779198674398 0.6722 16
1779200147229 0.67686 17
1779201620846 0.67823 18
1779203094670 0.68098 19
1779204568956 0.68522 20
1779206042558 0.69241 21
1779207516159 0.69575 22
1779208990368 0.70418 23
1779210466054 0.70685 24
1779211940463 0.7129 25
1779213411671 0.70978 26
1779214882790 0.7111 27
1779216353982 0.70882 28
1779217824493 0.71228 29
1779219295461 0.71598 30
1779220764478 0.71306 31
1779222235166 0.71603 32
1779223704342 0.71786 33
1779225173816 0.71676 34
1779226643067 0.71661 35
1779228111542 0.71649 36
1779229581365 0.71911 37
1779231055149 0.72238 38
1779232528782 0.72684 39
1779234000518 0.72488 40
1779235471538 0.72471 41
1779236943287 0.72887 42
1779238414809 0.72872 43
1779239885102 0.72653 44
1779241356021 0.72455 45
1779242827726 0.73055 46
1779244298447 0.72889 47
1779245770990 0.72892 48
1779247241737 0.72689 49
1779248712501 0.72848 50
1779250184743 0.73322 51
1779251656224 0.73007 52
1779253126959 0.73126 53
1779254598624 0.73319 54
1779256072572 0.73279 55
1779257546618 0.73614 56
1779259021014 0.74162 57
1779260495322 0.73969 58
1779261969030 0.73779 59
1779263443982 0.73729 60
1779264918822 0.73798 61
1779266392886 0.74239 62
1779267868238 0.74457 63
1779269342534 0.74648 64
1779270815960 0.7456 65
1779272289551 0.74426 66
1779273764646 0.74614 67
1779275238182 0.74713 68
1779276712238 0.74709 69
1779278185983 0.74706 70
1779279659717 0.74638 71
1779281133998 0.74851 72
1779282608166 0.74734 73
1779284082453 0.7477 74
1779285558189 0.74565 75
1779287033183 0.7428 76
1779288506917 0.74297 77
1779289982221 0.74802 78
1779291457126 0.74472 79
1779292931197 0.74447 80
1779294404846 0.74478 81
1779295878062 0.74357 82
1779297352141 0.74271 83
1779298825542 0.74395 84
1779300299461 0.74491 85
1779301773454 0.74457 86
1779303246903 0.74565 87
1779304719231 0.74754 88
1779306193302 0.74716 89
1779307666676 0.74537 90
1779309138150 0.74443 91
1779310608286 0.74488 92
1779312080786 0.74623 93
1779313551929 0.74633 94
1779315022144 0.74708 95
1779316493974 0.747 96
1779317964726 0.74775 97
1779319434790 0.74853 98
1779320904455 0.74648 99
1779322378357 0.74731 100
1779323851974 0.74846 101
1779325326006 0.74854 102
1779326799785 0.75036 103
1779328274645 0.75292 104
1779329749686 0.75308 105
1779331223742 0.75426 106
1779332698766 0.7552 107
1779334173094 0.75491 108
1779335647815 0.75497 109
1779337123476 0.75393 110
1779338598231 0.7526 111
1779340073045 0.75057 112
1779341548880 0.74995 113
1779343023590 0.75281 114
1779344498427 0.75189 115
1779345971673 0.75152 116
1779347448182 0.7493 117
1779348923206 0.75067 118
1779350397974 0.7501 119
1779351872612 0.75277 120
1779353346614 0.75472 121
1779354820759 0.75612 122
1779356295413 0.75554 123
1779357770808 0.75689 124
1779359245444 0.75735 125
1779360717462 0.75827 126
1779362188926 0.75806 127
1779363659078 0.75843 128
1779365129910 0.75912 129
1779366604033 0.75907 130
1779368078446 0.75977 131
1779369553758 0.7598 132
1779371027918 0.76004 133
1779372501749 0.75932 134
1779373941379 0.75954 135
1779375376325 0.75918 136
1779376812511 0.75792 137
1779378248678 0.75775 138
1779379684895 0.75731 139
1779381121143 0.75557 140
1779382556590 0.75529 141
1779383992950 0.75475 142
1779385428695 0.7554 143
1779386863935 0.75576 144
1779388298952 0.75576 145
1779389733879 0.75405 146
1779391169086 0.75541 147
1779392603191 0.75523 148
1779394037510 0.75641 149
1779394109380 0.7551922012979596 149
