1779175039066 0.31445 0
1779176538494 0.48325 1
1779178022109 0.53408 2
1779179504909 0.53611 3
1779180983630 0.56812 4
1779182457220 0.58142 5
1779183932149 0.60594 6
1779185406938 0.61953 7
1779186881223 0.63682 8
1779188355422 0.64308 9
1779189830229 0.64468 10
1779191304809 0.64485 11
1779192779302 0.65651 12
1779194254126 0.65892 13
1779195727670 0.65886 14
1779197201677 0.65745 15
1779198674398 0.65663 16
1779200147229 0.6609 17
1779201620846 0.66722 18
1779203094670 0.66771 19
1779204568956 0.66545 20
1779206042558 0.66486 21
1779207516159 0.66528 22
1779208990368 0.66456 23
1779210466054 0.66835 24
1779211940463 0.66652 25
1779213411671 0.67381 26
1779214882790 0.67593 27
1779216353982 0.68324 28
1779217824493 0.68624 29
1779219295461 0.68674 30
1779220764478 0.69461 31
1779222235166 0.69511 32
1779223704342 0.698 33
1779225173816 0.69973 34
1779226643067 0.70408 35
1779228111542 0.70998 36
1779229581365 0.71097 37
1779231055149 0.7133 38
1779232528782 0.7129 39
1779234000518 0.71662 40
1779235471538 0.71796 41
1779236943287 0.71919 42
1779238414809 0.72096 43
1779239885102 0.72449 44
1779241356021 0.72785 45
1779242827726 0.72717 46
1779244298447 0.72934 47
1779245770990 0.73062 48
1779247241737 0.73682 49
1779248712501 0.73763 50
1779250184743 0.7377 51
1779251656224 0.7411 52
1779253126959 0.7421 53
1779254598624 0.74323 54
1779256072572 0.74751 55
1779257546618 0.74612 56
1779259021014 0.74347 57
1779260495322 0.74604 58
1779261969030 0.74931 59
1779263443982 0.75048 60
1779264918822 0.7518 61
1779266392886 0.75089 62
1779267868238 0.75112 63
1779269342534 0.7521 64
1779270815960 0.75466 65
1779272289551 0.75853 66
1779273764646 0.7567 67
1779275238182 0.75719 68
1779276712238 0.75964 69
1779278185983 0.75993 70
1779279659717 0.76236 71
1779281133998 0.76357 72
1779282608166 0.76278 73
1779284082453 0.76194 74
1779285558189 0.76221 75
1779287033183 0.76524 76
1779288506917 0.76776 77
1779289982221 0.76394 78
1779291457126 0.76692 79
1779292931197 0.76714 80
1779294404846 0.76893 81
1779295878062 0.77146 82
1779297352141 0.77332 83
1779298825542 0.77326 84
1779300299461 0.77481 85
1779301773454 0.775 86
1779303246903 0.77571 87
1779304719231 0.7747 88
1779306193302 0.77612 89
1779307666676 0.77695 90
1779309138150 0.77775 91
1779310608286 0.77948 92
1779312080786 0.78057 93
1779313551929 0.77977 94
1779315022144 0.77979 95
1779316493974 0.78007 96
1779317964726 0.77849 97
1779319434790 0.77664 98
1779320904455 0.77832 99
1779322378357 0.77844 100
1779323851974 0.77829 101
1779325326006 0.77855 102
1779326799785 0.77743 103
1779328274645 0.77449 104
1779329749686 0.77364 105
1779331223742 0.7732 106
1779332698766 0.77161 107
1779334173094 0.77282 108
1779335647815 0.77326 109
1779337123476 0.77421 110
1779338598231 0.7768 111
1779340073045 0.77834 112
1779341548880 0.78083 113
1779343023590 0.77799 114
1779344498427 0.77863 115
1779345971673 0.77988 116
1779347448182 0.78228 117
1779348923206 0.78076 118
1779350397974 0.78123 119
1779351872612 0.77957 120
1779353346614 0.77893 121
1779354820759 0.7771 122
1779356295413 0.77826 123
1779357770808 0.77784 124
1779359245444 0.77706 125
1779360717462 0.77688 126
1779362188926 0.77712 127
1779363659078 0.77647 128
1779365129910 0.77553 129
1779366604033 0.77558 130
1779368078446 0.77524 131
1779369553758 0.77492 132
1779371027918 0.77439 133
1779372501749 0.77382 134
1779373941379 0.77353 135
1779375376325 0.7735 136
1779376812511 0.77544 137
1779378248678 0.77548 138
1779379684895 0.77605 139
1779381121143 0.77755 140
1779382556590 0.77841 141
1779383992950 0.77806 142
1779385428695 0.77792 143
1779386863935 0.77773 144
1779388298952 0.77748 145
1779389733879 0.77886 146
1779391169086 0.77792 147
1779392603191 0.77905 148
1779394037510 0.77874 149
1779394109380 0.7784664517743689 149
