1778686413270 0.0018820000000000006 82
1778686971817 0.0017830000000000005 83
1778687524891 0.0016840000000000006 84
1778688082082 0.0015850000000000003 85
1778688635643 0.0014860000000000001 86
1778689195786 0.0013870000000000002 87
1778689755375 0.001288 88
1778690310972 0.0011889999999999997 89
1778690853958 0.0010899999999999998 90
1778691393693 0.0009909999999999997 91
1778691937462 0.0008919999999999996 92
1778692477348 0.0007929999999999994 93
1778693020779 0.0006940000000000005 94
1778693562067 0.0005950000000000005 95
1778694105248 0.0004960000000000005 96
1778694647265 0.00039700000000000027 97
1778695191723 0.0002980000000000002 98
1778695740456 0.0001990000000000001 99
