1779174971436 0.00019992967651195502 0
1779176468901 0.0003998862594744104 1
1779177953905 0.0005996691875857112 2
1779179436870 0.0007991483296593837 3
1779180915394 0.0009981937639244732 4
1779182389375 0.0009972883382072953 5
1779183864359 0.0009960967771506667 6
1779185339323 0.0009946898048166792 7
1779186813680 0.0009930680383499 8
1779188287909 0.000991232189110701 9
1779189762476 0.0009891830623632338 10
1779191237407 0.0009869215569222145 11
1779192711676 0.0009844486647586726 12
1779194186592 0.000981765470564841 13
1779195660120 0.0009788731512783732 14
1779197134187 0.000975772975566101 15
1779198606935 0.0009724663032675532 16
1779200080040 0.0009689545847984863 17
1779201553407 0.0009652393605146845 18
1779203027313 0.0009613222600363077 19
1779204501492 0.0009572050015330874 20
1779205975226 0.0009528893909706797 21
1779207448682 0.0009483773213185094 22
1779208923051 0.0009436707717194512 23
1779210398593 0.0009387718066217125 24
1779211873236 0.0009336825748732971 25
1779213344603 0.0009284053087794509 26
1779214815680 0.0009229423231234974 27
1779216286865 0.0009172960141514993 28
1779217757453 0.0009114688585211835 29
1779219228375 0.000905463412215599 30
1779220697271 0.0008992823094219772 31
1779222168031 0.0008929282613762908 32
1779223637318 0.0008864040551740157 33
1779225106960 0.0008797125525476194 34
1779226576106 0.0008728566886113103 35
1779228044449 0.0008658394705735988 36
1779229514295 0.0008586639764182377 37
1779230988156 0.0008513333535541159 38
1779232461436 0.0008438508174347009 39
1779233933421 0.0008362196501476349 40
1779235404615 0.0008284431989751022 41
1779236876211 0.0008205248749256015 42
1779238348007 0.0008124681512377636 43
1779239817979 0.0008042765618568757 44
1779241288905 0.0007959536998847743 45
1779242760766 0.0007875032160037938 46
1779244231452 0.0007789288168754553 47
1779245703938 0.0007702342635146033 48
1779247174891 0.0007614233696396995 49
1779248645500 0.0007524999999999999 50
1779250117657 0.0007434680686803491 51
1779251589502 0.0007343315373843315 52
1779253059938 0.0007250944136965392 53
1779254531501 0.0007157607493247109 54
1779256005603 0.0007063346383225211 55
1779257479562 0.0006968202152937911 56
1779258953888 0.0006872216535789157 57
1779260428343 0.0006775431634242986 58
1779261901789 0.0006677889901355987 59
1779263376706 0.0006579634122155991 60
1779264851700 0.0006480707394875134 61
1779266325785 0.0006381153112045566 62
1779267801128 0.0006281014941466031 63
1779269275439 0.0006180336807047746 64
1779270749033 0.000607916286954791 65
1779272222428 0.0005977537507199337 66
1779273697511 0.0005875505296244706 67
1779275171086 0.0005773110991383937 68
1779276645093 0.0005670399506143307 69
1779278118642 0.0005567415893174885 70
1779279592570 0.0005464205324494962 71
1779281066786 0.0005360813071670102 72
1779282541163 0.0005257284485959539 73
1779284015301 0.0005153664978422618 74
1779285491014 0.0005050000000000001 75
1779286965985 0.0004946335021577384 76
1779288439770 0.0004842715514040462 77
1779289914957 0.00047391869283298997 78
1779291390028 0.00046357946755050383 79
1779292864044 0.0004532584106825116 80
1779294337868 0.0004429600493856694 81
1779295811195 0.00043268890086160637 82
1779297285048 0.00042244947037552925 83
1779298758522 0.0004122462492800664 84
1779300232711 0.00040208371304520905 85
1779301706416 0.0003919663192952255 86
1779303179868 0.000381898505853397 87
1779304652430 0.0003718846887954437 88
1779306126476 0.0003619292605124864 89
1779307599543 0.0003520365877844011 90
1779309071298 0.0003422110098644013 91
1779310541431 0.0003324568365757016 92
1779312013769 0.0003227783464210845 93
1779313485216 0.0003131797847062091 94
1779314955475 0.00030366536167747893 95
1779316427340 0.000294239250675289 96
1779317898158 0.0002849055863034611 97
1779319368330 0.00027566846261566856 98
1779320837765 0.00026653193131965093 99
1779322311512 0.00025749999999999997 100
1779323784795 0.00024857663036030066 101
1779325258788 0.00023976573648539667 102
1779326733010 0.00023107118312454467 103
1779328207390 0.00022249678399620642 104
1779329682650 0.00021404630011522595 105
1779331156930 0.00020572343814312445 106
1779332631530 0.0001975318487622364 107
1779334106183 0.00018947512507439858 108
1779335580970 0.00018155680102489792 109
1779337056177 0.00017378034985236524 110
1779338531404 0.0001661491825652991 111
1779340005863 0.00015866664644588403 112
1779341481905 0.00015133602358176245 113
1779342956800 0.00014416052942640146 114
1779344431430 0.00013714331138868973 115
1779345904912 0.00013028744745238063 116
1779347380946 0.00012359594482598446 117
1779348856166 0.00011707173862370935 118
1779350331245 0.00011071769057802283 119
1779351805441 0.000104536587784401 120
1779353279802 9.853114147881648e-05 121
1779354754013 9.270398584850081e-05 122
1779356228270 8.705767687650256e-05 123
1779357703608 8.159469122054919e-05 124
1779359178287 7.631742512670303e-05 125
1779360650807 7.122819337828756e-05 126
1779362121948 6.632922828054877e-05 127
1779363592030 6.162267868149074e-05 128
1779365063094 5.711060902932042e-05 129
1779366536681 5.27949984669126e-05 130
1779368011670 4.867773996369229e-05 131
1779369486571 4.476063948531561e-05 132
1779370961268 4.1045415201513725e-05 133
1779372434667 3.7533696732446884e-05 134
1779373874316 3.422702443389891e-05 135
1779375309533 3.1126848721626744e-05 136
1779376745431 2.823452943515914e-05 137
1779378181740 2.5551335241327577e-05 138
1779379617782 2.3078443077785617e-05 139
1779381053991 2.0816937636766175e-05 140
1779382489304 1.876781088929913e-05 141
1779383925465 1.6931961650100026e-05 142
1779385361789 1.5310195183320773e-05 143
1779386797160 1.390322284933354e-05 144
1779388231630 1.2711661792704776e-05 145
1779389666818 1.173603467149531e-05 146
1779391101917 1.0976769428005628e-05 147
1779392536422 1.0434199101065133e-05 148
1779393970540 1.0108561679951445e-05 149
